0 0 0 0 0 7 6
0 0 0 0 0 7 6
0 0 0 0 0 7 6
0 0 0 0 0 7 6
0 0 0 0 0 7 6
0 0 0 0 0 7 6
0 0 0 0 0 7 6
0 0 0 0 0 7 6
0 0 0 0 0 7 6
0 0 0 0 0 7 6
0 0 0 0 0 7 6
0 0 0 0 0 7 6
0 0 0 0 0 7 6
0 0 0 0 0 7 6
0 0 0 0 0 7 6
0 0 0 0 0 7 6
0 0 0 0 0 7 6
0 0 0 0 0 7 6
0 0 0 0 0 7 6
0 0 0 0 0 7 6
0 0 0 0 0 7 6
0 0 0 0 0 7 6
0 0 0 0 0 7 6
0 0 0 0 0 7 6
0 0 0 0 0 7 6
0 0 0 0 0 7 6
0 0 0 0 0 7 6
0 0 0 0 0 7 6
0 0 0 0 0 7 6
0 0 0 0 0 7 6
0 0 0 0 0 7 6
0 0 0 0 0 7 6
0 0 0 0 0 7 6
0 0 0 0 0 7 6
0 0 0 0 0 7 6
0 0 0 0 0 7 6
0 0 0 0 0 7 6
0 0 0 0 0 7 6
0 0 0 0 0 7 6
0 0 0 0 0 7 6
0 0 0 0 0 7 6
0 0 0 0 0 7 6
0 0 0 0 0 7 6
0 0 0 0 0 7 6
0 0 0 0 0 7 6
0 0 0 0 0 7 6
0 0 0 0 0 7 6
0 0 0 0 0 7 6
0 0 0 0 0 7 6
0 0 0 0 0 7 6
0 0 0 0 0 7 6
0 0 0 0 0 7 6
0 0 0 0 0 7 6
0 0 0 0 0 7 6
0 0 0 0 0 7 6
0 0 0 0 0 7 6
0 0 0 0 0 7 6
0 0 0 0 0 7 6
0 0 0 0 0 7 6
0 0 0 0 0 7 6
0 0 0 0 0 7 6
0 0 0 0 0 7 6
0 0 0 0 0 7 6
0 0 0 0 0 7 6
0 0 0 0 0 7 6
0 0 0 0 0 7 6
0 0 0 0 0 7 6
0 0 0 0 0 7 6
0 0 0 0 0 7 6
0 0 0 0 0 7 6
0 0 0 0 0 7 6
0 0 0 0 0 7 6
0 0 0 0 0 7 6
0 0 0 0 0 7 6
0 0 0 0 0 7 6
0 0 0 0 0 7 6
0 0 0 0 0 7 6
0 0 0 0 0 7 6
0 0 0 0 0 7 6
0 0 0 0 0 7 6
0 0 0 0 0 7 6
0 0 0 0 0 7 6
0 0 0 0 0 7 6
0 0 0 0 0 7 6
0 0 0 0 0 7 6
0 0 0 0 0 7 6
0 0 0 0 0 7 6
0 0 0 0 0 7 6
0 0 0 0 0 7 6
0 0 0 0 0 7 6
0 0 0 0 0 7 6
0 0 0 0 0 7 6
0 0 0 0 0 7 6
0 0 0 0 0 6 6
0 0 0 0 0 5 6
20469 13 20469 12 0 7 6
20469 13 19990 28 19989448 6 6
20469 13 29984 28 44976259 3 6
0 0 31234 28 48802364 7 6
0 0 31234 28 111269391 6 6
0 0 31234 28 142502905 3 6
-20469 13 31233 28 146407094 7 6
-20469 13 22487 27 188884673 6 6
-20469 13 19984 24 195131375 3 6
0 0 0 0 195209459 7 6
0 0 0 0 195209459 7 6
0 0 0 0 195209459 7 6
0 0 0 0 195209459 7 6
0 0 0 0 195209459 7 6
0 0 0 0 195209459 7 6
0 0 0 0 195209459 7 6
0 0 0 0 195209459 7 6
0 0 0 0 195209459 7 6
0 0 0 0 195209459 7 6
0 0 0 0 195209459 7 6
0 0 0 0 195209459 7 6
0 0 0 0 195209459 7 6
0 0 0 0 195209459 7 6
0 0 0 0 195209459 7 6
0 0 0 0 195209459 7 6
0 0 0 0 195209459 7 6
0 0 0 0 195209459 7 6
0 0 0 0 195209459 7 6
0 0 0 0 195209459 7 6
0 0 0 0 195209459 7 6
0 0 0 0 195209459 7 6
0 0 0 0 195209459 7 6
0 0 0 0 195209459 7 6
0 0 0 0 195209459 7 6
0 0 0 0 195209459 7 6
0 0 0 0 195209459 7 6
0 0 0 0 195209459 7 6
0 0 0 0 195209459 7 6
0 0 0 0 195209459 7 6
0 0 0 0 195209459 7 6
0 0 0 0 195209459 7 6
0 0 0 0 195209459 7 6
0 0 0 0 195209459 7 6
0 0 0 0 195209459 7 6
0 0 0 0 195209459 7 6
0 0 0 0 195209459 7 6
0 0 0 0 195209459 7 6
0 0 0 0 195209459 7 6
0 0 0 0 195209459 7 6
0 0 0 0 195209459 7 6
0 0 0 0 195209459 7 6
0 0 0 0 195209459 7 6
0 0 0 0 195209459 7 6
0 0 0 0 195209459 7 6
0 0 0 0 195209459 7 6
0 0 0 0 195209459 7 6
0 0 0 0 195209459 7 6
0 0 0 0 195209459 7 6
0 0 0 0 195209459 7 6
0 0 0 0 195209459 7 6
0 0 0 0 195209459 7 6
0 0 0 0 195209459 7 6
0 0 0 0 195209459 7 6
0 0 0 0 195209459 7 6
0 0 0 0 195209459 7 6
0 0 0 0 195209459 7 6
0 0 0 0 195209459 7 6
0 0 0 0 195209459 7 6
0 0 0 0 195209459 7 6
0 0 0 0 195209459 7 6
0 0 0 0 195209459 7 6
0 0 0 0 195209459 7 6
0 0 0 0 195209459 7 6
0 0 0 0 195209459 7 6
0 0 0 0 195209459 7 6
0 0 0 0 195209459 7 6
0 0 0 0 195209459 7 6
0 0 0 0 195209459 7 6
0 0 0 0 195209459 7 6
0 0 0 0 195209459 7 6
0 0 0 0 195209459 7 6
0 0 0 0 195209459 7 6
0 0 0 0 195209459 7 6
0 0 0 0 195209459 7 6
0 0 0 0 195209459 7 6
0 0 0 0 195209459 7 6
0 0 0 0 195209459 7 6
0 0 0 0 195209459 7 6
0 0 0 0 195209459 7 6
0 0 0 0 195209459 7 6
0 0 0 0 195209459 7 6
0 0 0 0 195209459 7 6
0 0 0 0 195209459 7 6
0 0 0 0 195209459 7 6
0 0 0 0 195209459 7 6
0 0 0 0 195209459 7 6
0 0 0 0 195209459 7 6
0 0 0 0 195209459 7 6
0 0 0 0 195209459 7 6
0 0 0 0 195209459 7 6
0 0 0 0 195209459 7 6
0 0 0 0 195209459 7 6
0 0 0 0 195209459 6 6
0 0 0 0 195209459 5 6
20469 13 20469 12 195209459 7 6
20469 13 19990 28 215198908 6 6
20469 13 29984 28 240185719 3 6
0 0 31234 28 244011824 7 6
0 0 31234 28 306478851 6 6
0 0 31234 28 337712365 3 6
-20469 13 31233 28 341616554 7 6
-20469 13 22487 27 384094132 6 6
-20469 13 19984 24 390340835 3 6
0 0 0 0 390418919 7 6
0 0 0 0 390418919 7 6
0 0 0 0 390418919 7 6
0 0 0 0 390418919 7 6
0 0 0 0 390418919 7 6
0 0 0 0 390418919 7 6
0 0 0 0 390418919 7 6
0 0 0 0 390418919 7 6
0 0 0 0 390418919 7 6
0 0 0 0 390418919 7 6
0 0 0 0 390418919 7 6
0 0 0 0 390418919 7 6
0 0 0 0 390418919 7 6
0 0 0 0 390418919 7 6
0 0 0 0 390418919 7 6
0 0 0 0 390418919 7 6
0 0 0 0 390418919 7 6
0 0 0 0 390418919 7 6
0 0 0 0 390418919 7 6
0 0 0 0 390418919 7 6
0 0 0 0 390418919 7 6
0 0 0 0 390418919 7 6
0 0 0 0 390418919 7 6
0 0 0 0 390418919 7 6
0 0 0 0 390418919 7 6
0 0 0 0 390418919 7 6
0 0 0 0 390418919 7 6
0 0 0 0 390418919 7 6
0 0 0 0 390418919 7 6
0 0 0 0 390418919 7 6
0 0 0 0 390418919 7 6
0 0 0 0 390418919 7 6
0 0 0 0 390418919 7 6
0 0 0 0 390418919 7 6
0 0 0 0 390418919 7 6
0 0 0 0 390418919 7 6
0 0 0 0 390418919 7 6
0 0 0 0 390418919 7 6
0 0 0 0 390418919 7 6
0 0 0 0 390418919 7 6
0 0 0 0 390418919 7 6
0 0 0 0 390418919 7 6
0 0 0 0 390418919 7 6
0 0 0 0 390418919 7 6
0 0 0 0 390418919 7 6
0 0 0 0 390418919 7 6
0 0 0 0 390418919 7 6
0 0 0 0 390418919 7 6
0 0 0 0 390418919 7 6
0 0 0 0 390418919 7 6
0 0 0 0 390418919 7 6
0 0 0 0 390418919 7 6
0 0 0 0 390418919 7 6
0 0 0 0 390418919 7 6
0 0 0 0 390418919 7 6
0 0 0 0 390418919 7 6
0 0 0 0 390418919 7 6
0 0 0 0 390418919 7 6
0 0 0 0 390418919 7 6
0 0 0 0 390418919 7 6
0 0 0 0 390418919 7 6
0 0 0 0 390418919 7 6
0 0 0 0 390418919 7 6
0 0 0 0 390418919 7 6
0 0 0 0 390418919 7 6
0 0 0 0 390418919 7 6
0 0 0 0 390418919 7 6
0 0 0 0 390418919 7 6
0 0 0 0 390418919 7 6
0 0 0 0 390418919 7 6
0 0 0 0 390418919 7 6
0 0 0 0 390418919 7 6
0 0 0 0 390418919 7 6
0 0 0 0 390418919 7 6
0 0 0 0 390418919 7 6
0 0 0 0 390418919 7 6
0 0 0 0 390418919 7 6
0 0 0 0 390418919 7 6
0 0 0 0 390418919 7 6
0 0 0 0 390418919 7 6
0 0 0 0 390418919 7 6
0 0 0 0 390418919 7 6
0 0 0 0 390418919 7 6
0 0 0 0 390418919 7 6
0 0 0 0 390418919 7 6
0 0 0 0 390418919 7 6
0 0 0 0 390418919 7 6
0 0 0 0 390418919 7 6
0 0 0 0 390418919 7 6
0 0 0 0 390418919 7 6
0 0 0 0 390418919 7 6
0 0 0 0 390418919 7 6
0 0 0 0 390418919 7 6
0 0 0 0 390418919 6 6
0 0 0 0 390418919 5 6
20469 13 20469 12 390418919 7 6
20469 13 19990 28 410408367 6 6
20469 13 29984 28 435395178 3 6
0 0 31234 28 439221284 7 6
0 0 31234 28 501688311 6 6
0 0 31234 28 532921824 3 6
-20469 13 31233 28 536826013 7 6
-20469 13 22487 27 579303592 6 6
-20469 13 19984 24 585550294 3 6
0 0 0 0 585628378 7 6
0 0 0 0 585628378 7 6
0 0 0 0 585628378 7 6
0 0 0 0 585628378 7 6
0 0 0 0 585628378 7 6
0 0 0 0 585628378 7 6
0 0 0 0 585628378 7 6
0 0 0 0 585628378 7 6
0 0 0 0 585628378 7 6
0 0 0 0 585628378 7 6
0 0 0 0 585628378 7 6
0 0 0 0 585628378 7 6
0 0 0 0 585628378 7 6
0 0 0 0 585628378 7 6
0 0 0 0 585628378 7 6
0 0 0 0 585628378 7 6
0 0 0 0 585628378 7 6
0 0 0 0 585628378 7 6
0 0 0 0 585628378 7 6
0 0 0 0 585628378 7 6
0 0 0 0 585628378 7 6
0 0 0 0 585628378 7 6
0 0 0 0 585628378 7 6
0 0 0 0 585628378 7 6
0 0 0 0 585628378 7 6
0 0 0 0 585628378 7 6
0 0 0 0 585628378 7 6
0 0 0 0 585628378 7 6
0 0 0 0 585628378 7 6
0 0 0 0 585628378 7 6
0 0 0 0 585628378 7 6
0 0 0 0 585628378 7 6
0 0 0 0 585628378 7 6
0 0 0 0 585628378 7 6
0 0 0 0 585628378 7 6
0 0 0 0 585628378 7 6
0 0 0 0 585628378 7 6
0 0 0 0 585628378 7 6
0 0 0 0 585628378 7 6
0 0 0 0 585628378 7 6
0 0 0 0 585628378 7 6
0 0 0 0 585628378 7 6
0 0 0 0 585628378 7 6
0 0 0 0 585628378 7 6
0 0 0 0 585628378 7 6
0 0 0 0 585628378 7 6
0 0 0 0 585628378 7 6
0 0 0 0 585628378 7 6
0 0 0 0 585628378 7 6
0 0 0 0 585628378 7 6
0 0 0 0 585628378 7 6
0 0 0 0 585628378 7 6
0 0 0 0 585628378 7 6
0 0 0 0 585628378 7 6
0 0 0 0 585628378 7 6
0 0 0 0 585628378 7 6
0 0 0 0 585628378 7 6
0 0 0 0 585628378 7 6
0 0 0 0 585628378 7 6
0 0 0 0 585628378 7 6
0 0 0 0 585628378 7 6
0 0 0 0 585628378 7 6
0 0 0 0 585628378 7 6
0 0 0 0 585628378 7 6
0 0 0 0 585628378 7 6
0 0 0 0 585628378 7 6
0 0 0 0 585628378 7 6
0 0 0 0 585628378 7 6
0 0 0 0 585628378 7 6
0 0 0 0 585628378 7 6
0 0 0 0 585628378 7 6
0 0 0 0 585628378 7 6
0 0 0 0 585628378 7 6
0 0 0 0 585628378 7 6
0 0 0 0 585628378 7 6
0 0 0 0 585628378 7 6
0 0 0 0 585628378 7 6
0 0 0 0 585628378 7 6
0 0 0 0 585628378 7 6
0 0 0 0 585628378 7 6
0 0 0 0 585628378 7 6
0 0 0 0 585628378 7 6
0 0 0 0 585628378 7 6
0 0 0 0 585628378 7 6
0 0 0 0 585628378 7 6
0 0 0 0 585628378 7 6
0 0 0 0 585628378 7 6
0 0 0 0 585628378 7 6
0 0 0 0 585628378 7 6
0 0 0 0 585628378 7 6
0 0 0 0 585628378 7 6
0 0 0 0 585628378 7 6
0 0 0 0 585628378 7 6
0 0 0 0 585628378 6 6
0 0 0 0 585628378 5 6
20469 13 20469 12 585628378 7 6
20469 13 19990 28 605617827 6 6
20469 13 29984 28 630604638 3 6
0 0 31234 28 634430743 7 6
0 0 31234 28 696897770 6 6
0 0 31234 28 728131284 3 6
-20469 13 31233 28 732035473 7 6
-20469 13 22487 27 774513051 6 6
-20469 13 19984 24 780759754 3 6
0 0 0 0 780837838 7 6
0 0 0 0 780837838 7 6
0 0 0 0 780837838 7 6
0 0 0 0 780837838 7 6
0 0 0 0 780837838 7 6
0 0 0 0 780837838 7 6
0 0 0 0 780837838 7 6
0 0 0 0 780837838 7 6
0 0 0 0 780837838 7 6
0 0 0 0 780837838 7 6
0 0 0 0 780837838 7 6
0 0 0 0 780837838 7 6
0 0 0 0 780837838 7 6
0 0 0 0 780837838 7 6
0 0 0 0 780837838 7 6
0 0 0 0 780837838 7 6
0 0 0 0 780837838 7 6
0 0 0 0 780837838 7 6
0 0 0 0 780837838 7 6
0 0 0 0 780837838 7 6
0 0 0 0 780837838 7 6
0 0 0 0 780837838 7 6
0 0 0 0 780837838 7 6
0 0 0 0 780837838 7 6
0 0 0 0 780837838 7 6
0 0 0 0 780837838 7 6
0 0 0 0 780837838 7 6
0 0 0 0 780837838 7 6
0 0 0 0 780837838 7 6
0 0 0 0 780837838 7 6
0 0 0 0 780837838 7 6
0 0 0 0 780837838 7 6
0 0 0 0 780837838 7 6
0 0 0 0 780837838 7 6
0 0 0 0 780837838 7 6
0 0 0 0 780837838 7 6
0 0 0 0 780837838 7 6
0 0 0 0 780837838 7 6
0 0 0 0 780837838 7 6
0 0 0 0 780837838 7 6
0 0 0 0 780837838 7 6
0 0 0 0 780837838 7 6
0 0 0 0 780837838 7 6
0 0 0 0 780837838 7 6
0 0 0 0 780837838 7 6
0 0 0 0 780837838 7 6
0 0 0 0 780837838 7 6
0 0 0 0 780837838 7 6
0 0 0 0 780837838 7 6
0 0 0 0 780837838 7 6
0 0 0 0 780837838 7 6
0 0 0 0 780837838 7 6
0 0 0 0 780837838 7 6
0 0 0 0 780837838 7 6
0 0 0 0 780837838 7 6
0 0 0 0 780837838 7 6
0 0 0 0 780837838 7 6
0 0 0 0 780837838 7 6
0 0 0 0 780837838 7 6
0 0 0 0 780837838 7 6
0 0 0 0 780837838 7 6
0 0 0 0 780837838 7 6
0 0 0 0 780837838 7 6
0 0 0 0 780837838 7 6
0 0 0 0 780837838 7 6
0 0 0 0 780837838 7 6
0 0 0 0 780837838 7 6
0 0 0 0 780837838 7 6
0 0 0 0 780837838 7 6
0 0 0 0 780837838 7 6
0 0 0 0 780837838 7 6
0 0 0 0 780837838 7 6
0 0 0 0 780837838 7 6
0 0 0 0 780837838 7 6
0 0 0 0 780837838 7 6
0 0 0 0 780837838 7 6
0 0 0 0 780837838 7 6
0 0 0 0 780837838 7 6
0 0 0 0 780837838 7 6
0 0 0 0 780837838 7 6
0 0 0 0 780837838 7 6
0 0 0 0 780837838 7 6
0 0 0 0 780837838 7 6
0 0 0 0 780837838 7 6
0 0 0 0 780837838 7 6
0 0 0 0 780837838 7 6
0 0 0 0 780837838 7 6
0 0 0 0 780837838 7 6
0 0 0 0 780837838 7 6
0 0 0 0 780837838 7 6
0 0 0 0 780837838 7 6
0 0 0 0 780837838 7 6
0 0 0 0 780837838 7 6
0 0 0 0 780837838 6 6
0 0 0 0 780837838 5 6
20469 13 20469 12 780837838 7 6
20469 13 19990 28 800827286 6 6
20469 13 29984 28 825814097 3 6
0 0 31234 28 829640203 7 6
0 0 31234 28 892107230 6 6
0 0 31234 28 923340743 3 6
-20469 13 31233 28 927244932 7 6
-20469 13 22487 27 969722511 6 6
-20469 13 19984 24 975969214 3 6
0 0 0 0 976047297 7 6
0 0 0 0 976047297 7 6
0 0 0 0 976047297 7 6
0 0 0 0 976047297 7 6
0 0 0 0 976047297 7 6
0 0 0 0 976047297 7 6
0 0 0 0 976047297 7 6
0 0 0 0 976047297 7 6
0 0 0 0 976047297 7 6
0 0 0 0 976047297 7 6
0 0 0 0 976047297 7 6
0 0 0 0 976047297 7 6
0 0 0 0 976047297 7 6
0 0 0 0 976047297 7 6
0 0 0 0 976047297 7 6
0 0 0 0 976047297 7 6
0 0 0 0 976047297 7 6
0 0 0 0 976047297 7 6
0 0 0 0 976047297 7 6
0 0 0 0 976047297 7 6
0 0 0 0 976047297 7 6
0 0 0 0 976047297 7 6
0 0 0 0 976047297 7 6
0 0 0 0 976047297 7 6
0 0 0 0 976047297 7 6
0 0 0 0 976047297 7 6
0 0 0 0 976047297 7 6
0 0 0 0 976047297 7 6
0 0 0 0 976047297 7 6
0 0 0 0 976047297 7 6
0 0 0 0 976047297 7 6
0 0 0 0 976047297 7 6
0 0 0 0 976047297 7 6
0 0 0 0 976047297 7 6
0 0 0 0 976047297 7 6
0 0 0 0 976047297 7 6
0 0 0 0 976047297 7 6
0 0 0 0 976047297 7 6
0 0 0 0 976047297 7 6
0 0 0 0 976047297 7 6
0 0 0 0 976047297 7 6
0 0 0 0 976047297 7 6
0 0 0 0 976047297 7 6
0 0 0 0 976047297 7 6
0 0 0 0 976047297 7 6
0 0 0 0 976047297 7 6
0 0 0 0 976047297 7 6
0 0 0 0 976047297 7 6
0 0 0 0 976047297 7 6
0 0 0 0 976047297 7 6
0 0 0 0 976047297 7 6
0 0 0 0 976047297 7 6
0 0 0 0 976047297 7 6
0 0 0 0 976047297 7 6
0 0 0 0 976047297 7 6
0 0 0 0 976047297 7 6
0 0 0 0 976047297 7 6
0 0 0 0 976047297 7 6
0 0 0 0 976047297 7 6
0 0 0 0 976047297 7 6
0 0 0 0 976047297 7 6
0 0 0 0 976047297 7 6
0 0 0 0 976047297 7 6
0 0 0 0 976047297 7 6
0 0 0 0 976047297 7 6
0 0 0 0 976047297 7 6
0 0 0 0 976047297 7 6
0 0 0 0 976047297 7 6
0 0 0 0 976047297 7 6
0 0 0 0 976047297 7 6
0 0 0 0 976047297 7 6
0 0 0 0 976047297 7 6
0 0 0 0 976047297 7 6
0 0 0 0 976047297 7 6
0 0 0 0 976047297 7 6
0 0 0 0 976047297 7 6
0 0 0 0 976047297 7 6
0 0 0 0 976047297 7 6
0 0 0 0 976047297 7 6
0 0 0 0 976047297 7 6
0 0 0 0 976047297 7 6
0 0 0 0 976047297 7 6
0 0 0 0 976047297 7 6
0 0 0 0 976047297 7 6
0 0 0 0 976047297 7 6
0 0 0 0 976047297 7 6
0 0 0 0 976047297 7 6
0 0 0 0 976047297 7 6
0 0 0 0 976047297 7 6
0 0 0 0 976047297 7 6
0 0 0 0 976047297 7 6
0 0 0 0 976047297 7 6
0 0 0 0 976047297 7 6
0 0 0 0 976047297 6 6
0 0 0 0 976047297 5 6
20469 13 20469 12 976047297 7 6
20469 13 19990 28 996036746 6 6
20469 13 29984 28 1021023557 3 6
0 0 31234 28 1024849662 7 6
0 0 31234 28 1087316689 6 6
0 0 31234 28 1118550203 3 6
-20469 13 31233 28 1122454392 7 6
-20469 13 22487 27 1164931970 6 6
-20469 13 19984 24 1171178673 3 6
0 0 0 0 1171256757 7 6
0 0 0 0 1171256757 7 6
0 0 0 0 1171256757 7 6
0 0 0 0 1171256757 7 6
0 0 0 0 1171256757 7 6
0 0 0 0 1171256757 7 6
0 0 0 0 1171256757 7 6
0 0 0 0 1171256757 7 6
0 0 0 0 1171256757 7 6
0 0 0 0 1171256757 7 6
0 0 0 0 1171256757 7 6
0 0 0 0 1171256757 7 6
0 0 0 0 1171256757 7 6
0 0 0 0 1171256757 7 6
0 0 0 0 1171256757 7 6
0 0 0 0 1171256757 7 6
0 0 0 0 1171256757 7 6
0 0 0 0 1171256757 7 6
0 0 0 0 1171256757 7 6
0 0 0 0 1171256757 7 6
0 0 0 0 1171256757 7 6
0 0 0 0 1171256757 7 6
0 0 0 0 1171256757 7 6
0 0 0 0 1171256757 7 6
0 0 0 0 1171256757 7 6
0 0 0 0 1171256757 7 6
0 0 0 0 1171256757 7 6
0 0 0 0 1171256757 7 6
0 0 0 0 1171256757 7 6
0 0 0 0 1171256757 7 6
0 0 0 0 1171256757 7 6
0 0 0 0 1171256757 7 6
0 0 0 0 1171256757 7 6
0 0 0 0 1171256757 7 6
0 0 0 0 1171256757 7 6
0 0 0 0 1171256757 7 6
0 0 0 0 1171256757 7 6
0 0 0 0 1171256757 7 6
0 0 0 0 1171256757 7 6
0 0 0 0 1171256757 7 6
0 0 0 0 1171256757 7 6
0 0 0 0 1171256757 7 6
0 0 0 0 1171256757 7 6
0 0 0 0 1171256757 7 6
0 0 0 0 1171256757 7 6
0 0 0 0 1171256757 7 6
0 0 0 0 1171256757 7 6
0 0 0 0 1171256757 7 6
0 0 0 0 1171256757 7 6
0 0 0 0 1171256757 7 6
0 0 0 0 1171256757 7 6
0 0 0 0 1171256757 7 6
0 0 0 0 1171256757 7 6
0 0 0 0 1171256757 7 6
0 0 0 0 1171256757 7 6
0 0 0 0 1171256757 7 6
0 0 0 0 1171256757 7 6
0 0 0 0 1171256757 7 6
0 0 0 0 1171256757 7 6
0 0 0 0 1171256757 7 6
0 0 0 0 1171256757 7 6
0 0 0 0 1171256757 7 6
0 0 0 0 1171256757 7 6
0 0 0 0 1171256757 7 6
0 0 0 0 1171256757 7 6
0 0 0 0 1171256757 7 6
0 0 0 0 1171256757 7 6
0 0 0 0 1171256757 7 6
0 0 0 0 1171256757 7 6
0 0 0 0 1171256757 7 6
0 0 0 0 1171256757 7 6
0 0 0 0 1171256757 7 6
0 0 0 0 1171256757 7 6
0 0 0 0 1171256757 7 6
0 0 0 0 1171256757 7 6
0 0 0 0 1171256757 7 6
0 0 0 0 1171256757 7 6
0 0 0 0 1171256757 7 6
0 0 0 0 1171256757 7 6
0 0 0 0 1171256757 7 6
0 0 0 0 1171256757 7 6
0 0 0 0 1171256757 7 6
0 0 0 0 1171256757 7 6
0 0 0 0 1171256757 7 6
0 0 0 0 1171256757 7 6
0 0 0 0 1171256757 7 6
0 0 0 0 1171256757 7 6
0 0 0 0 1171256757 7 6
0 0 0 0 1171256757 7 6
0 0 0 0 1171256757 7 6
0 0 0 0 1171256757 7 6
0 0 0 0 1171256757 7 6
0 0 0 0 1171256757 7 6
0 0 0 0 1171256757 6 6
0 0 0 0 1171256757 5 6
20469 13 20469 12 1171256757 7 6
20469 13 19990 28 1191246206 6 6
20469 13 29984 28 1216233016 3 6
0 0 31234 28 1220059122 7 6
0 0 31234 28 1282526149 6 6
0 0 31234 28 1313759662 3 6
-20469 13 31233 28 1317663852 7 6
-20469 13 22487 27 1360141430 6 6
-20469 13 19984 24 1366388133 3 6
0 0 0 0 1366466217 7 6
0 0 0 0 1366466217 7 6
0 0 0 0 1366466217 7 6
0 0 0 0 1366466217 7 6
0 0 0 0 1366466217 7 6
0 0 0 0 1366466217 7 6
0 0 0 0 1366466217 7 6
0 0 0 0 1366466217 7 6
0 0 0 0 1366466217 7 6
0 0 0 0 1366466217 7 6
0 0 0 0 1366466217 7 6
0 0 0 0 1366466217 7 6
0 0 0 0 1366466217 7 6
0 0 0 0 1366466217 7 6
0 0 0 0 1366466217 7 6
0 0 0 0 1366466217 7 6
0 0 0 0 1366466217 7 6
0 0 0 0 1366466217 7 6
0 0 0 0 1366466217 7 6
0 0 0 0 1366466217 7 6
0 0 0 0 1366466217 7 6
0 0 0 0 1366466217 7 6
0 0 0 0 1366466217 7 6
0 0 0 0 1366466217 7 6
0 0 0 0 1366466217 7 6
0 0 0 0 1366466217 7 6
0 0 0 0 1366466217 7 6
0 0 0 0 1366466217 7 6
0 0 0 0 1366466217 7 6
0 0 0 0 1366466217 7 6
0 0 0 0 1366466217 7 6
0 0 0 0 1366466217 7 6
0 0 0 0 1366466217 7 6
0 0 0 0 1366466217 7 6
0 0 0 0 1366466217 7 6
0 0 0 0 1366466217 7 6
0 0 0 0 1366466217 7 6
0 0 0 0 1366466217 7 6
0 0 0 0 1366466217 7 6
0 0 0 0 1366466217 7 6
0 0 0 0 1366466217 7 6
0 0 0 0 1366466217 7 6
0 0 0 0 1366466217 7 6
0 0 0 0 1366466217 7 6
0 0 0 0 1366466217 7 6
0 0 0 0 1366466217 7 6
0 0 0 0 1366466217 7 6
0 0 0 0 1366466217 7 6
0 0 0 0 1366466217 7 6
0 0 0 0 1366466217 7 6
0 0 0 0 1366466217 7 6
0 0 0 0 1366466217 7 6
0 0 0 0 1366466217 7 6
0 0 0 0 1366466217 7 6
0 0 0 0 1366466217 7 6
0 0 0 0 1366466217 7 6
0 0 0 0 1366466217 7 6
0 0 0 0 1366466217 7 6
0 0 0 0 1366466217 7 6
0 0 0 0 1366466217 7 6
0 0 0 0 1366466217 7 6
0 0 0 0 1366466217 7 6
0 0 0 0 1366466217 7 6
0 0 0 0 1366466217 7 6
0 0 0 0 1366466217 7 6
0 0 0 0 1366466217 7 6
0 0 0 0 1366466217 7 6
0 0 0 0 1366466217 7 6
0 0 0 0 1366466217 7 6
0 0 0 0 1366466217 7 6
0 0 0 0 1366466217 7 6
0 0 0 0 1366466217 7 6
0 0 0 0 1366466217 7 6
0 0 0 0 1366466217 7 6
0 0 0 0 1366466217 7 6
0 0 0 0 1366466217 7 6
0 0 0 0 1366466217 7 6
0 0 0 0 1366466217 7 6
0 0 0 0 1366466217 7 6
0 0 0 0 1366466217 7 6
0 0 0 0 1366466217 7 6
0 0 0 0 1366466217 7 6
0 0 0 0 1366466217 7 6
0 0 0 0 1366466217 7 6
0 0 0 0 1366466217 7 6
0 0 0 0 1366466217 7 6
0 0 0 0 1366466217 7 6
0 0 0 0 1366466217 7 6
0 0 0 0 1366466217 7 6
0 0 0 0 1366466217 7 6
0 0 0 0 1366466217 7 6
0 0 0 0 1366466217 7 6
0 0 0 0 1366466217 7 6
0 0 0 0 1366466217 6 6
0 0 0 0 1366466217 5 6
20469 13 20469 12 1366466217 7 6
20469 13 19990 28 1386455665 6 6
20469 13 29984 28 1411442476 3 6
0 0 31234 28 1415268581 7 6
0 0 31234 28 1477735608 6 6
0 0 31234 28 1508969122 3 6
-20469 13 31233 28 1512873311 7 6
-20469 13 22487 27 1555350890 6 6
-20469 13 19984 24 1561597592 3 6
0 0 0 0 1561675676 7 6
0 0 0 0 1561675676 7 6
0 0 0 0 1561675676 7 6
0 0 0 0 1561675676 7 6
0 0 0 0 1561675676 7 6
0 0 0 0 1561675676 7 6
0 0 0 0 1561675676 7 6
0 0 0 0 1561675676 7 6
0 0 0 0 1561675676 7 6
0 0 0 0 1561675676 7 6
0 0 0 0 1561675676 7 6
0 0 0 0 1561675676 7 6
0 0 0 0 1561675676 7 6
0 0 0 0 1561675676 7 6
0 0 0 0 1561675676 7 6
0 0 0 0 1561675676 7 6
0 0 0 0 1561675676 7 6
0 0 0 0 1561675676 7 6
0 0 0 0 1561675676 7 6
0 0 0 0 1561675676 7 6
0 0 0 0 1561675676 7 6
0 0 0 0 1561675676 7 6
0 0 0 0 1561675676 7 6
0 0 0 0 1561675676 7 6
0 0 0 0 1561675676 7 6
0 0 0 0 1561675676 7 6
0 0 0 0 1561675676 7 6
0 0 0 0 1561675676 7 6
0 0 0 0 1561675676 7 6
0 0 0 0 1561675676 7 6
0 0 0 0 1561675676 7 6
0 0 0 0 1561675676 7 6
0 0 0 0 1561675676 7 6
0 0 0 0 1561675676 7 6
0 0 0 0 1561675676 7 6
0 0 0 0 1561675676 7 6
0 0 0 0 1561675676 7 6
0 0 0 0 1561675676 7 6
0 0 0 0 1561675676 7 6
0 0 0 0 1561675676 7 6
0 0 0 0 1561675676 7 6
0 0 0 0 1561675676 7 6
0 0 0 0 1561675676 7 6
0 0 0 0 1561675676 7 6
0 0 0 0 1561675676 7 6
0 0 0 0 1561675676 7 6
0 0 0 0 1561675676 7 6
0 0 0 0 1561675676 7 6
0 0 0 0 1561675676 7 6
0 0 0 0 1561675676 7 6
0 0 0 0 1561675676 7 6
0 0 0 0 1561675676 7 6
0 0 0 0 1561675676 7 6
0 0 0 0 1561675676 7 6
0 0 0 0 1561675676 7 6
0 0 0 0 1561675676 7 6
0 0 0 0 1561675676 7 6
0 0 0 0 1561675676 7 6
0 0 0 0 1561675676 7 6
0 0 0 0 1561675676 7 6
0 0 0 0 1561675676 7 6
0 0 0 0 1561675676 7 6
0 0 0 0 1561675676 7 6
0 0 0 0 1561675676 7 6
0 0 0 0 1561675676 7 6
0 0 0 0 1561675676 7 6
0 0 0 0 1561675676 7 6
0 0 0 0 1561675676 7 6
0 0 0 0 1561675676 7 6
0 0 0 0 1561675676 7 6
0 0 0 0 1561675676 7 6
0 0 0 0 1561675676 7 6
0 0 0 0 1561675676 7 6
0 0 0 0 1561675676 7 6
0 0 0 0 1561675676 7 6
0 0 0 0 1561675676 7 6
0 0 0 0 1561675676 7 6
0 0 0 0 1561675676 7 6
0 0 0 0 1561675676 7 6
0 0 0 0 1561675676 7 6
0 0 0 0 1561675676 7 6
0 0 0 0 1561675676 7 6
0 0 0 0 1561675676 7 6
0 0 0 0 1561675676 7 6
0 0 0 0 1561675676 7 6
0 0 0 0 1561675676 7 6
0 0 0 0 1561675676 7 6
0 0 0 0 1561675676 7 6
0 0 0 0 1561675676 7 6
0 0 0 0 1561675676 7 6
0 0 0 0 1561675676 7 6
0 0 0 0 1561675676 7 6
0 0 0 0 1561675676 7 6
0 0 0 0 1561675676 6 6
0 0 0 0 1561675676 5 6
20469 13 20469 12 1561675676 7 6
20469 13 19990 28 1581665125 6 6
20469 13 29984 28 1606651936 3 6
0 0 31234 28 1610478041 7 6
0 0 31234 28 1672945068 6 6
0 0 31234 28 1704178582 3 6
-20469 13 31233 28 1708082771 7 6
-20469 13 22487 27 1750560349 6 6
-20469 13 19984 24 1756807052 3 6
0 0 0 0 1756885136 7 6
0 0 0 0 1756885136 7 6
0 0 0 0 1756885136 7 6
0 0 0 0 1756885136 7 6
0 0 0 0 1756885136 7 6
0 0 0 0 1756885136 7 6
0 0 0 0 1756885136 7 6
0 0 0 0 1756885136 7 6
0 0 0 0 1756885136 7 6
0 0 0 0 1756885136 7 6
0 0 0 0 1756885136 7 6
0 0 0 0 1756885136 7 6
0 0 0 0 1756885136 7 6
0 0 0 0 1756885136 7 6
0 0 0 0 1756885136 7 6
0 0 0 0 1756885136 7 6
0 0 0 0 1756885136 7 6
0 0 0 0 1756885136 7 6
0 0 0 0 1756885136 7 6
0 0 0 0 1756885136 7 6
0 0 0 0 1756885136 7 6
0 0 0 0 1756885136 7 6
0 0 0 0 1756885136 7 6
0 0 0 0 1756885136 7 6
0 0 0 0 1756885136 7 6
0 0 0 0 1756885136 7 6
0 0 0 0 1756885136 7 6
0 0 0 0 1756885136 7 6
0 0 0 0 1756885136 7 6
0 0 0 0 1756885136 7 6
0 0 0 0 1756885136 7 6
0 0 0 0 1756885136 7 6
0 0 0 0 1756885136 7 6
0 0 0 0 1756885136 7 6
0 0 0 0 1756885136 7 6
0 0 0 0 1756885136 7 6
0 0 0 0 1756885136 7 6
0 0 0 0 1756885136 7 6
0 0 0 0 1756885136 7 6
0 0 0 0 1756885136 7 6
0 0 0 0 1756885136 7 6
0 0 0 0 1756885136 7 6
0 0 0 0 1756885136 7 6
0 0 0 0 1756885136 7 6
0 0 0 0 1756885136 7 6
0 0 0 0 1756885136 7 6
0 0 0 0 1756885136 7 6
0 0 0 0 1756885136 7 6
0 0 0 0 1756885136 7 6
0 0 0 0 1756885136 7 6
0 0 0 0 1756885136 7 6
0 0 0 0 1756885136 7 6
0 0 0 0 1756885136 7 6
0 0 0 0 1756885136 7 6
0 0 0 0 1756885136 7 6
0 0 0 0 1756885136 7 6
0 0 0 0 1756885136 7 6
0 0 0 0 1756885136 7 6
0 0 0 0 1756885136 7 6
0 0 0 0 1756885136 7 6
0 0 0 0 1756885136 7 6
0 0 0 0 1756885136 7 6
0 0 0 0 1756885136 7 6
0 0 0 0 1756885136 7 6
0 0 0 0 1756885136 7 6
0 0 0 0 1756885136 7 6
0 0 0 0 1756885136 7 6
0 0 0 0 1756885136 7 6
0 0 0 0 1756885136 7 6
0 0 0 0 1756885136 7 6
0 0 0 0 1756885136 7 6
0 0 0 0 1756885136 7 6
0 0 0 0 1756885136 7 6
0 0 0 0 1756885136 7 6
0 0 0 0 1756885136 7 6
0 0 0 0 1756885136 7 6
0 0 0 0 1756885136 7 6
0 0 0 0 1756885136 7 6
0 0 0 0 1756885136 7 6
0 0 0 0 1756885136 7 6
0 0 0 0 1756885136 7 6
0 0 0 0 1756885136 7 6
0 0 0 0 1756885136 7 6
0 0 0 0 1756885136 7 6
0 0 0 0 1756885136 7 6
0 0 0 0 1756885136 7 6
0 0 0 0 1756885136 7 6
0 0 0 0 1756885136 7 6
0 0 0 0 1756885136 7 6
0 0 0 0 1756885136 7 6
0 0 0 0 1756885136 7 6
0 0 0 0 1756885136 7 6
0 0 0 0 1756885136 7 6
0 0 0 0 1756885136 6 6
0 0 0 0 1756885136 5 6
20469 13 20469 12 1756885136 7 6
20469 13 19990 28 1776874584 6 6
20469 13 29984 28 1801861395 3 6
0 0 31234 28 1805687501 7 6
0 0 31234 28 1868154528 6 6
0 0 31234 28 1899388041 3 6
-20469 13 31233 28 1903292230 7 6
-20469 13 22487 27 1945769809 6 6
-20469 13 19984 24 1952016511 3 6
0 0 0 0 1952094595 7 6
0 0 0 0 1952094595 7 6
0 0 0 0 1952094595 7 6
0 0 0 0 1952094595 7 6
0 0 0 0 1952094595 7 6
0 0 0 0 1952094595 7 6
0 0 0 0 1952094595 7 6
0 0 0 0 1952094595 7 6
0 0 0 0 1952094595 7 6
0 0 0 0 1952094595 7 6
0 0 0 0 1952094595 7 6
0 0 0 0 1952094595 7 6
0 0 0 0 1952094595 7 6
0 0 0 0 1952094595 7 6
0 0 0 0 1952094595 7 6
0 0 0 0 1952094595 7 6
0 0 0 0 1952094595 7 6
0 0 0 0 1952094595 7 6
0 0 0 0 1952094595 7 6
0 0 0 0 1952094595 7 6
0 0 0 0 1952094595 7 6
0 0 0 0 1952094595 7 6
0 0 0 0 1952094595 7 6
0 0 0 0 1952094595 7 6
0 0 0 0 1952094595 7 6
0 0 0 0 1952094595 7 6
0 0 0 0 1952094595 7 6
0 0 0 0 1952094595 7 6
0 0 0 0 1952094595 7 6
0 0 0 0 1952094595 7 6
0 0 0 0 1952094595 7 6
0 0 0 0 1952094595 7 6
0 0 0 0 1952094595 7 6
0 0 0 0 1952094595 7 6
0 0 0 0 1952094595 7 6
0 0 0 0 1952094595 7 6
0 0 0 0 1952094595 7 6
0 0 0 0 1952094595 7 6
0 0 0 0 1952094595 7 6
0 0 0 0 1952094595 7 6
0 0 0 0 1952094595 7 6
0 0 0 0 1952094595 7 6
0 0 0 0 1952094595 7 6
0 0 0 0 1952094595 7 6
0 0 0 0 1952094595 7 6
0 0 0 0 1952094595 7 6
0 0 0 0 1952094595 7 6
0 0 0 0 1952094595 7 6
0 0 0 0 1952094595 7 6
0 0 0 0 1952094595 7 6
0 0 0 0 1952094595 7 6
0 0 0 0 1952094595 7 6
0 0 0 0 1952094595 7 6
0 0 0 0 1952094595 7 6
0 0 0 0 1952094595 7 6
0 0 0 0 1952094595 7 6
0 0 0 0 1952094595 7 6
0 0 0 0 1952094595 7 6
0 0 0 0 1952094595 7 6
0 0 0 0 1952094595 7 6
0 0 0 0 1952094595 7 6
0 0 0 0 1952094595 7 6
0 0 0 0 1952094595 7 6
0 0 0 0 1952094595 7 6
0 0 0 0 1952094595 7 6
0 0 0 0 1952094595 7 6
0 0 0 0 1952094595 7 6
0 0 0 0 1952094595 7 6
0 0 0 0 1952094595 7 6
0 0 0 0 1952094595 7 6
0 0 0 0 1952094595 7 6
0 0 0 0 1952094595 7 6
0 0 0 0 1952094595 7 6
0 0 0 0 1952094595 7 6
0 0 0 0 1952094595 7 6
0 0 0 0 1952094595 7 6
0 0 0 0 1952094595 7 6
0 0 0 0 1952094595 7 6
0 0 0 0 1952094595 7 6
0 0 0 0 1952094595 7 6
0 0 0 0 1952094595 7 6
0 0 0 0 1952094595 7 6
0 0 0 0 1952094595 7 6
0 0 0 0 1952094595 7 6
0 0 0 0 1952094595 7 6
0 0 0 0 1952094595 7 6
0 0 0 0 1952094595 7 6
0 0 0 0 1952094595 7 6
0 0 0 0 1952094595 7 6
0 0 0 0 1952094595 7 6
0 0 0 0 1952094595 7 6
0 0 0 0 1952094595 7 6
0 0 0 0 1952094595 7 6
0 0 0 0 1952094595 6 6
0 0 0 0 1952094595 5 6
-20469 13 -20469 12 1952094595 7 6
-20469 13 -19990 28 1932105147 6 6
-20469 13 -29984 28 1907118336 3 6
0 0 -31234 28 1903292230 7 6
0 0 -31234 28 1840825203 7 6
0 0 -31234 28 1778358176 7 6
0 0 -31234 28 1715891149 7 6
0 0 -31234 28 1653424122 7 6
0 0 -31234 28 1590957095 7 6
0 0 -31234 28 1528490068 7 6
0 0 -31234 28 1466023041 7 6
0 0 -31234 28 1403556014 7 6
0 0 -31234 28 1341088987 7 6
0 0 -31234 28 1278621960 7 6
0 0 -31234 28 1216154933 7 6
0 0 -31234 28 1153687906 7 6
0 0 -31234 28 1091220879 7 6
0 0 -31234 28 1028753851 7 6
0 0 -31234 28 966286824 7 6
0 0 -31234 28 903819797 7 6
0 0 -31234 28 841352770 7 6
0 0 -31234 28 778885743 7 6
0 0 -31234 28 716418716 7 6
0 0 -31234 28 653951689 7 6
0 0 -31234 28 591484662 7 6
0 0 -31234 28 529017635 7 6
0 0 -31234 28 466550608 7 6
0 0 -31234 28 404083581 7 6
0 0 -31234 28 341616554 7 6
0 0 -31234 28 279149527 7 6
0 0 -31234 28 216682500 7 6
0 0 -31234 28 154215473 7 6
0 0 -31234 28 91748445 6 6
0 0 -31234 28 60514932 4 6
0 0 -31234 28 52706554 3 6
20469 13 -31233 28 48802364 7 6
20469 13 -22488 27 6324786 6 6
20469 13 -19984 24 78083 3 6
